VIEW%={View A}
  COO=0.000001944790710695088 -0.000000199754154551 -303.740966796875
  C2C=-0.43931567668914795 -0.011656288057565689 0.8982571363449097
  ROO=367.52660744556164
  ROLL=-75.86431813030065
  AAC=34.903342413559436
  BGCOLOR=1. 1. 1.
  LIGHTS=Artwork
  RENDERMODE=Solid
END
VIEW%={View B}
  COO=-52.16141891479492 50.85958480834961 -249.23748779296875
  C2C=-0.0608830563724041 0.722907543182373 -0.6882571578025818
  ROO=117.10558117788756
  ROLL=105.68252665017765
  AAC=34.903342413559436
  BGCOLOR=1. 1. 1.
  LIGHTS=Artwork
  RENDERMODE=Solid
END
VIEW%={View C}
  COO=2.2545230388641357 2.9914066791534424 -300.3456115722656
  C2C=0.8536049127578735 0.3032689690589905 -0.42354053258895874
  ROO=303.7410359852936
  ROLL=-126.08445879535664
  AAC=34.903342413559436
  BGCOLOR=1. 1. 1.
  LIGHTS=Artwork
  RENDERMODE=Solid
END
