VIEW={View A}
  COO=95.703857421875 -26.603919982910156 122.73419952392578
  C2C=-0.4144790768623352 0.7603927254676819 0.5000100135803223
  ROO=141.69743417830577
  ROLL=13.566625455930614
  AAC=34.903342413559436
END
VIEW={View B}
  COO=15.9437837600708 -12.494922637939453 67.1521987915039
  C2C=0.9024380445480347 0.3321097493171692 0.27442431449890137
  ROO=303.7409567061654
  ROLL=66.40207458248847
  AAC=34.903342413559436
END
VIEW={View C}
  COO=-42.11725616455078 -13.32657241821289 18.372915267944336
  C2C=0.6989848017692566 -0.009704185649752617 0.7150706648826599
  ROO=444.70718853041143
  ROLL=78.84753985408712
  AAC=34.903342413559436
END
